[[ 1.07728956e+00  1.48394702e+00  6.64132733e-01  6.20540339e-01
  -1.28525800e+00 -1.62531533e+00 -7.16641045e-01]
 [ 1.48873169e+00  1.48394702e+00  1.57459447e+00  8.43334032e-01
  -1.46672362e+00 -1.62531533e+00 -7.16641045e-01]
 [ 1.18254220e+00  1.48394702e+00  1.18439658e+00  5.40381761e-01
  -1.64818924e+00 -1.62531533e+00 -7.16641045e-01]
 [ 1.04858429e+00  1.48394702e+00  1.18439658e+00  5.36845353e-01
  -1.28525800e+00 -1.62531533e+00 -7.16641045e-01]
 [ 1.02944745e+00  1.48394702e+00  9.24264659e-01  5.55706195e-01
  -1.82965485e+00 -1.62531533e+00 -7.16641045e-01]
 [ 2.24463700e+00  1.48394702e+00  2.43302983e+00  1.60719812e+00
  -2.01112047e+00 -1.62531533e+00 -7.16641045e-01]
 [ 2.48384754e+00  1.48394702e+00  3.00532006e+00  1.62252256e+00
  -2.37405170e+00 -1.62531533e+00 -7.16641045e-01]
 [ 2.34988964e+00  1.48394702e+00  2.87525410e+00  1.57301285e+00
  -2.55551732e+00 -1.62531533e+00 -7.16641045e-01]
 [ 2.49341597e+00  1.48394702e+00  3.13538603e+00  1.70621754e+00
  -2.01112047e+00 -1.62531533e+00 -7.16641045e-01]
 [ 1.87146856e+00  1.48394702e+00  2.22492429e+00  1.02840604e+00
  -2.55551732e+00 -1.62531533e+00 -7.16641045e-01]
 [ 1.80448961e+00  1.48394702e+00  1.70466044e+00  6.90089693e-01
  -2.01112047e+00 -1.62531533e+00 -7.16641045e-01]
 [ 1.39304747e+00  1.48394702e+00  1.44452851e+00  7.44314613e-01
  -2.73698293e+00 -1.62531533e+00 -7.16641045e-01]
 [ 1.96715277e+00  1.48394702e+00  1.18439658e+00  9.23492610e-01
  -2.19258609e+00 -1.62531533e+00 -7.16641045e-01]
 [ 2.49341597e+00  1.48394702e+00  3.13538603e+00  1.27800847e-01
  -2.01112047e+00 -1.62531533e+00 -7.16641045e-01]
 [-7.78984248e-01 -8.64013555e-01 -2.46329007e-01 -7.13864217e-01
  -1.96464305e-01 -1.62531533e+00  1.76940577e+00]
 [ 3.43315946e-02  3.09966735e-01 -2.46329007e-01 -1.70436213e-01
  -1.49986887e-02 -1.62531533e+00 -7.16641045e-01]
 [ 4.39000163e-02  3.09966735e-01 -1.94302622e-01 -2.39985567e-01
  -1.49986887e-02 -1.62531533e+00 -7.16641045e-01]
 [ 5.34684380e-02  3.09966735e-01 -5.06460933e-01 -4.60421656e-01
   1.66466928e-01 -1.62531533e+00 -7.16641045e-01]
 [-9.32078995e-01 -8.64013555e-01 -4.28421355e-01 -9.99134449e-01
  -3.77929921e-01 -1.62531533e+00  1.76940577e+00]
 [-9.32078995e-01 -8.64013555e-01 -1.52097544e+00 -1.34688122e+00
   1.79965748e+00 -1.62531533e+00  5.26382361e-01]
 [-8.07689513e-01 -8.64013555e-01 -4.54434548e-01 -3.60223434e-01
   7.10863777e-01 -1.62531533e+00  5.26382361e-01]
 [-8.36394778e-01 -8.64013555e-01 -3.76394970e-01 -6.45493666e-01
  -3.77929921e-01 -1.62531533e+00  5.26382361e-01]
 [-8.65100043e-01 -8.64013555e-01 -2.46329007e-01 -7.10327809e-01
   7.10863777e-01 -1.62531533e+00  5.26382361e-01]
 [-7.02436875e-01 -8.64013555e-01  2.21908459e-01 -8.76538977e-01
  -1.10379239e+00 -1.62531533e+00  5.26382361e-01]
 [ 4.39000163e-02  3.09966735e-01 -3.76394970e-01 -3.88514696e-01
  -1.96464305e-01 -1.62531533e+00 -7.16641045e-01]
 [ 1.58441591e+00  1.48394702e+00  2.87525410e+00  1.93019004e+00
  -5.59395538e-01 -1.62531533e+00 -7.16641045e-01]
 [ 1.07728956e+00  1.48394702e+00  2.48505621e+00  1.64845622e+00
  -1.96464305e-01 -1.62531533e+00 -7.16641045e-01]
 [ 1.18254220e+00  1.48394702e+00  2.74518814e+00  1.65552903e+00
  -7.40861154e-01 -1.62531533e+00 -7.16641045e-01]
 [ 1.04858429e+00  1.48394702e+00  2.30296387e+00  2.06810995e+00
   1.07379501e+00 -1.62531533e+00 -7.16641045e-01]
 [-9.32078995e-01 -8.64013555e-01 -4.28421355e-01 -9.99134449e-01
  -3.77929921e-01 -1.35350492e+00  1.76940577e+00]
 [-5.20636863e-01 -8.64013555e-01 -3.76394970e-01 -8.41174899e-01
  -1.49986887e-02 -1.35350492e+00 -7.16641045e-01]
 [-7.78984248e-01 -8.64013555e-01 -2.46329007e-01 -8.83611793e-01
  -5.59395538e-01 -1.35350492e+00  1.76940577e+00]
 [ 3.59657932e-01  3.09966735e-01 -1.16263044e-01 -4.05017933e-01
  -9.22326771e-01 -1.35350492e+00 -7.16641045e-01]
 [ 2.92678980e-01  3.09966735e-01  1.38029185e-02  5.43918169e-01
  -1.49986887e-02 -1.35350492e+00 -7.16641045e-01]
 [ 5.31889522e-01  3.09966735e-01 -1.16263044e-01  4.14249882e-01
  -1.49986887e-02 -1.35350492e+00 -7.16641045e-01]
 [ 5.31889522e-01  3.09966735e-01 -4.28421355e-01  3.82422211e-01
  -1.49986887e-02 -1.35350492e+00 -7.16641045e-01]
 [ 3.59657932e-01  3.09966735e-01 -1.16263044e-01  3.65918975e-01
  -1.49986887e-02 -1.35350492e+00 -7.16641045e-01]
 [ 1.48873169e+00  1.48394702e+00  1.57459447e+00  1.45159618e+00
  -1.28525800e+00 -1.35350492e+00 -7.16641045e-01]
 [ 1.96715277e+00  1.48394702e+00  1.83472640e+00  1.75219085e+00
  -1.46672362e+00 -1.35350492e+00 -7.16641045e-01]
 [ 1.49830011e+00  1.48394702e+00  1.26243616e+00  1.38676204e+00
  -7.40861154e-01 -1.35350492e+00 -7.16641045e-01]
 [ 1.18254220e+00  1.48394702e+00  1.18439658e+00  1.31839148e+00
  -9.22326771e-01 -1.35350492e+00 -7.16641045e-01]
 [ 1.80448961e+00  1.48394702e+00  1.96479236e+00  2.33098293e+00
  -1.46672362e+00 -1.35350492e+00 -7.16641045e-01]
 [ 1.96715277e+00  1.48394702e+00  1.70466044e+00  2.08461318e+00
  -1.28525800e+00 -1.35350492e+00 -7.16641045e-01]
 [ 1.96715277e+00  1.48394702e+00  1.83472640e+00  2.54906141e+00
  -1.28525800e+00 -1.35350492e+00 -7.16641045e-01]
 [ 6.08436895e-01  3.09966735e-01  1.43868881e-01 -1.83706764e-02
  -7.40861154e-01 -1.35350492e+00 -7.16641045e-01]
 [-5.20636863e-01 -8.64013555e-01 -8.44632436e-01 -6.71427323e-01
   1.25526063e+00 -1.35350492e+00 -7.16641045e-01]
 [ 5.31889522e-01  3.09966735e-01 -1.16263044e-01  3.58846159e-01
  -1.96464305e-01 -1.35350492e+00 -7.16641045e-01]
 [ 5.31889522e-01  3.09966735e-01 -4.28421355e-01  1.90277386e-01
  -3.77929921e-01 -1.35350492e+00 -7.16641045e-01]
 [-6.92868453e-01 -8.64013555e-01 -4.80447740e-01 -8.93042214e-01
  -5.59395538e-01 -1.35350492e+00 -7.16641045e-01]
 [-7.50278983e-01 -8.64013555e-01 -3.76394970e-01 -1.00738607e+00
  -5.59395538e-01 -1.35350492e+00  5.26382361e-01]
 [-1.10431059e+00 -8.64013555e-01 -8.96658822e-01 -1.06514740e+00
   1.43672624e+00 -1.35350492e+00  5.26382361e-01]
 [-1.01819479e+00 -8.64013555e-01 -7.40579666e-01 -1.07575662e+00
  -3.77929921e-01 -1.35350492e+00  5.26382361e-01]
 [-1.18085796e+00 -8.64013555e-01 -1.02672478e+00 -1.41996698e+00
   1.25526063e+00 -1.35350492e+00  1.76940577e+00]
 [-1.17128954e+00 -8.64013555e-01 -9.22672014e-01 -1.60857540e+00
   8.92329393e-01 -1.35350492e+00  1.76940577e+00]
 [-9.32078995e-01 -8.64013555e-01 -1.15679075e+00 -1.34806002e+00
   1.25526063e+00 -1.35350492e+00  5.26382361e-01]
 [-9.89489525e-01 -8.64013555e-01 -8.96658822e-01 -1.20542491e+00
   1.79965748e+00 -1.35350492e+00 -7.16641045e-01]
 [-7.78984248e-01 -8.64013555e-01 -2.46329007e-01 -8.24671663e-01
  -1.49986887e-02 -1.08169451e+00  1.76940577e+00]
 [-9.27294784e-01 -8.64013555e-01 -6.36526896e-01 -1.00384966e+00
   5.29398160e-01 -1.08169451e+00 -7.16641045e-01]
 [-9.32078995e-01 -8.64013555e-01 -1.31286990e+00 -8.52962925e-01
   2.88845117e+00 -1.08169451e+00  5.26382361e-01]
 [-5.20636863e-01 -8.64013555e-01 -3.76394970e-01 -6.71427323e-01
   1.43672624e+00 -1.08169451e+00 -7.16641045e-01]
 [-6.92868453e-01 -8.64013555e-01 -4.80447740e-01 -8.85969398e-01
   3.47932544e-01 -1.08169451e+00 -7.16641045e-01]
 [ 1.48873169e+00  1.48394702e+00  1.57459447e+00  1.52821835e+00
  -1.28525800e+00 -1.08169451e+00 -7.16641045e-01]
 [ 1.96715277e+00  1.48394702e+00  1.83472640e+00  1.65906544e+00
  -1.28525800e+00 -1.08169451e+00 -7.16641045e-01]
 [ 1.18254220e+00  1.48394702e+00  1.18439658e+00  1.36436479e+00
  -7.40861154e-01 -1.08169451e+00 -7.16641045e-01]
 [ 1.49830011e+00  1.48394702e+00  1.26243616e+00  1.35729197e+00
  -9.22326771e-01 -1.08169451e+00 -7.16641045e-01]
 [ 1.04858429e+00  1.48394702e+00  1.18439658e+00  8.18579178e-01
  -1.46672362e+00 -1.08169451e+00 -7.16641045e-01]
 [ 2.24463700e+00  1.48394702e+00  2.69316175e+00  1.95140849e+00
  -1.64818924e+00 -1.08169451e+00 -7.16641045e-01]
 [ 1.48873169e+00  1.48394702e+00  1.31446255e+00  1.79698534e+00
  -7.40861154e-01 -1.08169451e+00 -7.16641045e-01]
 [ 1.48873169e+00  1.48394702e+00  1.44452851e+00  1.74276042e+00
  -7.40861154e-01 -1.08169451e+00 -7.16641045e-01]
 [ 1.96715277e+00  1.48394702e+00  2.22492429e+00  1.70268114e+00
  -1.10379239e+00 -1.08169451e+00 -7.16641045e-01]
 [-1.19042638e+00 -1.45100370e+00 -1.94302622e-01 -7.63373927e-01
  -7.40861154e-01 -1.08169451e+00  1.76940577e+00]
 [ 1.04858429e+00  1.48394702e+00  1.18439658e+00  1.07791575e+00
  -1.10379239e+00 -1.08169451e+00 -7.16641045e-01]
 [ 1.07728956e+00  1.48394702e+00  6.64132733e-01  1.32074909e+00
  -5.59395538e-01 -1.08169451e+00 -7.16641045e-01]
 [ 1.02944745e+00  1.48394702e+00  9.24264659e-01  1.55179440e+00
   1.66466928e-01 -1.08169451e+00 -7.16641045e-01]
 [ 1.18254220e+00  1.48394702e+00  1.18439658e+00  1.29599424e+00
  -5.59395538e-01 -1.08169451e+00 -7.16641045e-01]
 [-7.02436875e-01 -8.64013555e-01  1.95895267e-01 -5.25559521e-02
  -3.77929921e-01 -1.08169451e+00  5.26382361e-01]
 [-7.02436875e-01 -8.64013555e-01 -7.40579666e-01 -5.50010654e-01
   8.92329393e-01 -1.08169451e+00  5.26382361e-01]
 [-7.12005296e-01 -8.64013555e-01 -4.54434548e-01  1.66896798e-03
   1.43672624e+00 -1.08169451e+00  5.26382361e-01]
 [-9.41647417e-01 -8.64013555e-01 -9.22672014e-01 -9.29585095e-01
   8.92329393e-01 -1.08169451e+00  5.26382361e-01]
 [-6.92868453e-01 -8.64013555e-01 -4.80447740e-01 -6.86751757e-01
   1.66466928e-01 -1.08169451e+00 -7.16641045e-01]
 [-9.32078995e-01 -8.64013555e-01 -3.24368585e-01 -8.12883636e-01
   5.29398160e-01 -1.08169451e+00  1.76940577e+00]
 [-7.12005296e-01 -8.64013555e-01 -1.94302622e-01 -5.55904667e-01
  -3.77929921e-01 -1.08169451e+00  1.76940577e+00]
 [-9.22510573e-01 -8.64013555e-01 -6.36526896e-01 -9.59055160e-01
  -1.96464305e-01 -1.08169451e+00 -7.16641045e-01]
 [-9.32078995e-01 -8.64013555e-01 -4.28421355e-01 -1.03449853e+00
   3.47932544e-01 -1.08169451e+00  1.76940577e+00]
 [ 1.48873169e+00  1.48394702e+00  1.83472640e+00  1.32310670e+00
  -9.22326771e-01 -8.09884091e-01 -7.16641045e-01]
 [ 1.04858429e+00  1.48394702e+00  1.18439658e+00  8.18579178e-01
  -1.46672362e+00 -8.09884091e-01 -7.16641045e-01]
 [ 1.48873169e+00  1.48394702e+00  1.05433062e+00  1.19108080e+00
  -9.22326771e-01 -8.09884091e-01 -7.16641045e-01]
 [ 1.02944745e+00  1.48394702e+00  8.46225081e-01  1.25473614e+00
  -3.77929921e-01 -8.09884091e-01 -7.16641045e-01]
 [ 1.18254220e+00  1.48394702e+00  1.18439658e+00  9.42353452e-01
  -1.10379239e+00 -8.09884091e-01 -7.16641045e-01]
 [ 2.24463700e+00  1.48394702e+00  2.43302983e+00  2.32744652e+00
  -1.46672362e+00 -8.09884091e-01 -7.16641045e-01]
 [ 1.96715277e+00  1.48394702e+00  1.18439658e+00  1.75219085e+00
  -1.28525800e+00 -8.09884091e-01 -7.16641045e-01]
 [ 1.49830011e+00  1.48394702e+00  1.39250213e+00  1.63313178e+00
  -9.22326771e-01 -8.09884091e-01 -7.16641045e-01]
 [ 1.18254220e+00  1.48394702e+00  1.18439658e+00  1.48460265e+00
  -3.77929921e-01 -8.09884091e-01 -7.16641045e-01]
 [ 2.34988964e+00  1.48394702e+00  2.87525410e+00  2.07164635e+00
  -1.64818924e+00 -8.09884091e-01 -7.16641045e-01]
 [ 2.49341597e+00  1.48394702e+00  3.13538603e+00  2.32626772e+00
  -1.64818924e+00 -8.09884091e-01 -7.16641045e-01]
 [ 1.58441591e+00  1.48394702e+00  1.83472640e+00  9.94220767e-01
  -1.64818924e+00 -8.09884091e-01 -7.16641045e-01]
 [ 2.92678980e-01  3.09966735e-01  1.38029185e-02  1.69058939e-01
   3.47932544e-01 -8.09884091e-01 -7.16641045e-01]
 [ 5.31889522e-01  3.09966735e-01 -1.16263044e-01  3.54130949e-01
   8.92329393e-01 -8.09884091e-01 -7.16641045e-01]
 [ 3.59657932e-01  3.09966735e-01 -1.16263044e-01 -3.84103208e-02
   1.66466928e-01 -8.09884091e-01 -7.16641045e-01]
 [ 5.31889522e-01  3.09966735e-01 -4.28421355e-01  5.11786777e-02
   3.47932544e-01 -8.09884091e-01 -7.16641045e-01]
 [ 3.43315946e-02  3.09966735e-01 -2.46329007e-01 -8.67412279e-02
   1.66466928e-01 -8.09884091e-01 -7.16641045e-01]
 [-9.32078995e-01 -8.64013555e-01 -1.52097544e+00 -1.21131892e+00
   1.98112309e+00 -8.09884091e-01  5.26382361e-01]
 [ 1.96715277e+00  1.48394702e+00  1.18439658e+00  2.38049264e+00
  -5.59395538e-01 -8.09884091e-01 -7.16641045e-01]
 [ 1.96715277e+00  1.48394702e+00  1.62662086e+00  2.27322160e+00
  -1.10379239e+00 -8.09884091e-01 -7.16641045e-01]
 [ 1.58441591e+00  1.48394702e+00  1.70466044e+00  1.97616334e+00
  -9.22326771e-01 -8.09884091e-01 -7.16641045e-01]
 [ 1.48873169e+00  1.48394702e+00  1.96479236e+00  1.79344894e+00
  -1.10379239e+00 -8.09884091e-01 -7.16641045e-01]
 [ 3.59657932e-01  3.09966735e-01 -1.16263044e-01 -2.22303528e-01
  -1.96464305e-01 -8.09884091e-01 -7.16641045e-01]
 [-9.32078995e-01 -8.64013555e-01 -4.28421355e-01 -8.23492860e-01
   1.25526063e+00 -8.09884091e-01  1.76940577e+00]
 [-5.20636863e-01 -8.64013555e-01 -8.44632436e-01 -6.79678941e-01
   1.43672624e+00 -8.09884091e-01 -7.16641045e-01]
 [-8.26826357e-01 -8.64013555e-01 -2.72342200e-01 -7.05612599e-01
   3.47932544e-01 -8.09884091e-01  1.76940577e+00]
 [-1.19042638e+00 -1.45100370e+00 -3.76394970e-01 -1.00620726e+00
  -7.40861154e-01 -8.09884091e-01  1.76940577e+00]
 [-6.92868453e-01 -8.64013555e-01 -5.06460933e-01 -7.86949979e-01
   1.07379501e+00 -8.09884091e-01 -7.16641045e-01]
 [-3.77110538e-01  3.09966735e-01  6.58293037e-02 -5.95983956e-01
  -5.59395538e-01 -8.09884091e-01 -7.16641045e-01]
 [-9.22510573e-01 -8.64013555e-01 -3.76394970e-01 -8.39996096e-01
  -1.49986887e-02 -8.09884091e-01  5.26382361e-01]
 [ 1.48873169e+00  1.48394702e+00  1.05433062e+00  1.30188825e+00
  -9.22326771e-01 -8.09884091e-01 -7.16641045e-01]
 [ 1.96715277e+00  1.48394702e+00  3.26545199e+00  1.53293356e+00
  -2.19258609e+00 -8.09884091e-01 -7.16641045e-01]
 [-1.20956322e+00 -8.64013555e-01 -1.44293587e+00 -1.30915954e+00
   1.43672624e+00 -8.09884091e-01  5.26382361e-01]
 [-7.50278983e-01 -8.64013555e-01 -7.66592859e-01 -9.66127976e-01
  -1.49986887e-02 -8.09884091e-01  5.26382361e-01]
 [-7.69415827e-01 -8.64013555e-01 -3.50381778e-01 -4.66315669e-01
  -5.59395538e-01 -8.09884091e-01  5.26382361e-01]
 [-7.02436875e-01 -8.64013555e-01  1.95895267e-01 -1.29178122e-01
  -1.49986887e-02 -8.09884091e-01  5.26382361e-01]
 [ 1.18254220e+00  1.48394702e+00  1.18439658e+00  4.96766065e-01
  -1.64818924e+00 -8.09884091e-01 -7.16641045e-01]
 [-7.02436875e-01 -8.64013555e-01  1.43868881e-01 -3.74369065e-01
  -5.59395538e-01 -8.09884091e-01  5.26382361e-01]
 [-3.67542116e-01  3.09966735e-01  4.56027192e-01 -2.01085081e-01
  -7.40861154e-01 -8.09884091e-01  1.76940577e+00]
 [ 1.48873169e+00  1.48394702e+00  1.96479236e+00  8.09148757e-01
  -1.64818924e+00 -8.09884091e-01 -7.16641045e-01]
 [ 3.43315946e-02  3.09966735e-01 -2.46329007e-01  1.46661689e-01
   3.47932544e-01 -5.38073677e-01 -7.16641045e-01]
 [ 3.59657932e-01  3.09966735e-01 -1.16263044e-01 -9.02776357e-02
   1.66466928e-01 -5.38073677e-01 -7.16641045e-01]
 [ 5.31889522e-01  3.09966735e-01 -1.16263044e-01  4.22501500e-01
   5.29398160e-01 -5.38073677e-01 -7.16641045e-01]
 [-1.10431059e+00 -8.64013555e-01 -9.74698399e-01 -1.21131892e+00
   1.25526063e+00 -5.38073677e-01  1.76940577e+00]
 [-6.92868453e-01 -8.64013555e-01 -6.36526896e-01 -6.20738811e-01
   3.47932544e-01 -5.38073677e-01 -7.16641045e-01]
 [-1.18085796e+00 -8.64013555e-01 -1.02672478e+00 -1.34570242e+00
   1.98112309e+00 -5.38073677e-01  1.76940577e+00]
 [-5.20636863e-01 -8.64013555e-01 -7.66592859e-01 -5.13467773e-01
   5.29398160e-01 -5.38073677e-01 -7.16641045e-01]
 [ 5.31889522e-01  3.09966735e-01 -1.16263044e-01  9.47068662e-01
   5.29398160e-01 -5.38073677e-01 -7.16641045e-01]
 [ 6.08436895e-01  3.09966735e-01  1.43868881e-01  7.71427073e-01
   8.92329393e-01 -5.38073677e-01 -7.16641045e-01]
 [ 2.92678980e-01  3.09966735e-01  1.38029185e-02  7.49029824e-01
   3.47932544e-01 -5.38073677e-01 -7.16641045e-01]
 [ 1.02944745e+00  1.48394702e+00  9.24264659e-01  1.37143760e+00
  -5.59395538e-01 -5.38073677e-01 -7.16641045e-01]
 [ 1.48873169e+00  1.48394702e+00  1.18439658e+00  2.02920946e+00
  -3.77929921e-01 -5.38073677e-01 -7.16641045e-01]
 [ 1.18254220e+00  1.48394702e+00  1.18439658e+00  1.74393923e+00
  -7.40861154e-01 -5.38073677e-01 -7.16641045e-01]
 [ 1.02944745e+00  1.48394702e+00  9.24264659e-01  1.95730250e+00
   1.66466928e-01 -5.38073677e-01 -7.16641045e-01]
 [ 1.04858429e+00  1.48394702e+00  1.18439658e+00  1.50817871e+00
  -1.49986887e-02 -5.38073677e-01 -7.16641045e-01]
 [-9.22510573e-01 -8.64013555e-01 -5.58487318e-01 -8.94221017e-01
   3.47932544e-01 -5.38073677e-01  5.26382361e-01]
 [-1.10431059e+00 -8.64013555e-01 -9.74698399e-01 -1.19599449e+00
  -1.49986887e-02 -5.38073677e-01  5.26382361e-01]
 [-9.32078995e-01 -8.64013555e-01 -6.88553281e-01 -7.98738005e-01
  -3.77929921e-01 -5.38073677e-01  5.26382361e-01]
 [-1.13301585e+00 -8.64013555e-01 -1.36489629e+00 -1.56613850e+00
   3.47932544e-01 -5.38073677e-01  1.76940577e+00]
 [-1.06603690e+00 -8.64013555e-01 -1.13077755e+00 -1.14884238e+00
   1.25526063e+00 -5.38073677e-01  1.76940577e+00]
 [-9.99057947e-01 -8.64013555e-01 -7.66592859e-01 -1.00502846e+00
  -3.77929921e-01 -5.38073677e-01 -7.16641045e-01]
 [-9.99057947e-01 -8.64013555e-01 -7.66592859e-01 -1.02506811e+00
  -1.49986887e-02 -5.38073677e-01  5.26382361e-01]
 [-7.50278983e-01 -8.64013555e-01 -7.66592859e-01 -8.62393346e-01
  -5.59395538e-01 -5.38073677e-01  5.26382361e-01]
 [-7.12005296e-01 -8.64013555e-01 -1.94302622e-01 -5.75944312e-01
  -1.96464305e-01 -5.38073677e-01  1.76940577e+00]
 [-8.26826357e-01 -8.64013555e-01 -2.98355392e-01 -6.91466967e-01
  -1.49986887e-02 -5.38073677e-01  1.76940577e+00]
 [-1.10431059e+00 -8.64013555e-01 -9.74698399e-01 -1.15237879e+00
   1.66466928e-01 -5.38073677e-01  5.26382361e-01]
 [ 2.92678980e-01  3.09966735e-01 -2.46329007e-01  3.37627712e-01
   1.66466928e-01 -2.66263263e-01 -7.16641045e-01]
 [ 5.31889522e-01  3.09966735e-01  1.38029185e-02  5.67494221e-01
   1.66466928e-01 -2.66263263e-01 -7.16641045e-01]
 [ 5.31889522e-01  3.09966735e-01 -8.44632436e-01  5.35666551e-01
   1.98112309e+00 -2.66263263e-01 -7.16641045e-01]
 [ 5.31889522e-01  3.09966735e-01 -8.44632436e-01  2.12674635e-01
   1.43672624e+00 -2.66263263e-01 -7.16641045e-01]
 [ 1.96715277e+00  1.48394702e+00  1.70466044e+00  1.99266658e+00
  -1.46672362e+00 -2.66263263e-01 -7.16641045e-01]
 [ 1.48873169e+00  1.48394702e+00  1.05433062e+00  1.72389958e+00
  -5.59395538e-01 -2.66263263e-01 -7.16641045e-01]
 [ 1.18254220e+00  1.48394702e+00  1.18439658e+00  1.79227013e+00
  -3.77929921e-01 -2.66263263e-01 -7.16641045e-01]
 [ 1.49830011e+00  1.48394702e+00  1.13237020e+00  1.97969975e+00
  -7.40861154e-01 -2.66263263e-01 -7.16641045e-01]
 [ 3.50089510e-01  3.09966735e-01  1.43868881e-01  1.09559779e+00
   1.98112309e+00 -2.66263263e-01 -7.16641045e-01]
 [ 5.31889522e-01  3.09966735e-01  1.38029185e-02  1.08380977e+00
   1.07379501e+00 -2.66263263e-01 -7.16641045e-01]
 [ 6.08436895e-01  3.09966735e-01  1.43868881e-01  8.86949729e-01
   1.25526063e+00 -2.66263263e-01 -7.16641045e-01]
 [ 2.92678980e-01  3.09966735e-01 -2.46329007e-01  9.51783873e-01
   1.25526063e+00 -2.66263263e-01 -7.16641045e-01]
 [ 3.50089510e-01  3.09966735e-01  1.43868881e-01  7.23971247e-02
  -1.96464305e-01 -2.66263263e-01 -7.16641045e-01]
 [ 6.46710582e-01  1.48394702e+00  1.43868881e-01  2.86939200e-01
  -7.40861154e-01 -2.66263263e-01 -7.16641045e-01]
 [ 1.02944745e+00  1.48394702e+00  6.38119540e-01  2.25641464e-01
  -1.28525800e+00 -2.66263263e-01 -7.16641045e-01]
 [-9.32078995e-01 -8.64013555e-01 -7.66592859e-01 -9.50803542e-01
   1.66466928e-01 -2.66263263e-01  1.76940577e+00]
 [-5.20636863e-01 -8.64013555e-01 -5.58487318e-01 -3.99123920e-01
   5.29398160e-01 -2.66263263e-01 -7.16641045e-01]
 [ 3.59657932e-01  3.09966735e-01 -1.16263044e-01 -7.49532017e-02
   1.66466928e-01 -2.66263263e-01 -7.16641045e-01]
 [-5.20636863e-01 -8.64013555e-01 -6.88553281e-01 -4.54527643e-01
   1.07379501e+00 -2.66263263e-01 -7.16641045e-01]
 [-5.78047393e-01 -8.64013555e-01 -2.20315815e-01 -3.24859355e-01
  -7.40861154e-01 -2.66263263e-01  1.76940577e+00]
 [-9.99057947e-01 -8.64013555e-01 -8.70645629e-01 -8.89505806e-01
   3.47932544e-01 -2.66263263e-01  5.26382361e-01]
 [-7.21573718e-01 -8.64013555e-01 -1.94302622e-01 -5.09931365e-01
   5.29398160e-01 -2.66263263e-01  1.76940577e+00]
 [-2.24015791e-01  3.09966735e-01 -1.94302622e-01  7.56298104e-03
  -3.77929921e-01 -2.66263263e-01 -7.16641045e-01]
 [-9.99057947e-01 -8.64013555e-01 -8.96658822e-01 -1.22664335e+00
  -5.59395538e-01 -2.66263263e-01  5.26382361e-01]
 [ 3.59657932e-01  3.09966735e-01 -3.76394970e-01  2.75151174e-01
   5.29398160e-01 -2.66263263e-01 -7.16641045e-01]
 [-7.59847405e-01 -8.64013555e-01 -2.46329007e-01 -3.34289776e-01
  -1.96464305e-01 -2.66263263e-01  5.26382361e-01]
 [-7.12005296e-01 -8.64013555e-01 -4.28421355e-01 -2.42646895e-02
   5.29398160e-01 -2.66263263e-01  5.26382361e-01]
 [-7.02436875e-01 -8.64013555e-01 -1.68289430e-01 -3.84103208e-02
  -3.77929921e-01 -2.66263263e-01  5.26382361e-01]
 [-7.02436875e-01 -8.64013555e-01  2.73934844e-01 -3.61402236e-01
  -7.40861154e-01 -2.66263263e-01  5.26382361e-01]
 [-9.89489525e-01 -8.64013555e-01 -1.33888310e+00 -1.39403332e+00
   7.10863777e-01 -2.66263263e-01  1.76940577e+00]
 [-8.36394778e-01 -8.64013555e-01 -4.80447740e-01 -6.05414377e-01
  -1.49986887e-02  5.54715131e-03  5.26382361e-01]
 [-7.50278983e-01 -8.64013555e-01 -6.10513703e-01 -8.93042214e-01
   4.93105037e-01  5.54715131e-03  5.26382361e-01]
 [-5.20636863e-01 -8.64013555e-01 -3.24368585e-01 -4.78103695e-01
  -2.32757428e-01  5.54715131e-03 -7.16641045e-01]
 [-9.22510573e-01 -8.64013555e-01 -6.62540088e-01 -8.51784123e-01
   7.83450023e-01  5.54715131e-03 -7.16641045e-01]
 [-8.93805308e-01 -8.64013555e-01 -5.58487318e-01 -9.14260661e-01
  -8.75849353e-02  5.54715131e-03  5.26382361e-01]
 [ 1.05815271e+00  1.48394702e+00  9.24264659e-01  1.45866900e+00
  -9.22326771e-01  5.54715131e-03 -7.16641045e-01]
 [ 1.18254220e+00  1.48394702e+00  1.18439658e+00  1.42919893e+00
  -9.22326771e-01  5.54715131e-03 -7.16641045e-01]
 [ 1.04858429e+00  1.48394702e+00  4.04000807e-01  1.16043193e+00
  -5.95688661e-01  5.54715131e-03 -7.16641045e-01]
 [ 1.49830011e+00  1.48394702e+00  1.23642297e+00  1.45866900e+00
  -9.94913017e-01  5.54715131e-03 -7.16641045e-01]
 [ 2.92678980e-01  3.09966735e-01 -1.16263044e-01  3.01084831e-01
  -5.12918120e-02  5.54715131e-03 -7.16641045e-01]
 [ 5.31889522e-01  3.09966735e-01  1.38029185e-02  4.42541145e-01
  -3.77929921e-01  5.54715131e-03 -7.16641045e-01]
 [ 5.34684380e-02  3.09966735e-01 -6.10513703e-01  4.05694542e-02
   7.47156900e-01  5.54715131e-03 -7.16641045e-01]
 [ 3.59657932e-01  3.09966735e-01 -3.76394970e-01  1.26622045e-01
   7.47156900e-01  5.54715131e-03 -7.16641045e-01]
 [-1.04690006e+00 -8.64013555e-01 -1.36489629e+00 -1.11112070e+00
   2.41664057e+00  5.54715131e-03 -7.16641045e-01]
 [-9.22510573e-01 -8.64013555e-01 -1.15679075e+00 -9.59055160e-01
   2.38034745e+00  5.54715131e-03 -7.16641045e-01]
 [-9.99057947e-01 -8.64013555e-01 -8.96658822e-01 -1.22664335e+00
  -4.86809291e-01  5.54715131e-03  5.26382361e-01]
 [-9.89489525e-01 -8.64013555e-01 -1.33888310e+00 -1.39403332e+00
   6.74570654e-01  5.54715131e-03  1.76940577e+00]
 [ 2.92678980e-01  3.09966735e-01 -1.16263044e-01  7.93824323e-01
   7.83450023e-01  5.54715131e-03 -7.16641045e-01]
 [ 5.31889522e-01  3.09966735e-01 -6.88553281e-01  7.03056522e-01
   1.98112309e+00  5.54715131e-03 -7.16641045e-01]
 [ 5.31889522e-01  3.09966735e-01  1.43868881e-01  7.86751507e-01
   2.39053174e-01  5.54715131e-03 -7.16641045e-01]
 [ 6.08436895e-01  3.09966735e-01 -2.46329007e-01  2.53932727e-01
   8.19743147e-01  5.54715131e-03 -7.16641045e-01]
 [-9.32078995e-01 -8.64013555e-01 -8.70645629e-01 -1.35866925e+00
  -1.21267176e+00  5.54715131e-03  5.26382361e-01]
 [-1.04690006e+00 -8.64013555e-01 -8.96658822e-01 -1.16416681e+00
   5.29398160e-01  5.54715131e-03  1.76940577e+00]
 [-9.32078995e-01 -8.64013555e-01 -7.66592859e-01 -9.69664384e-01
   3.11639421e-01  5.54715131e-03  1.76940577e+00]
 [-5.20636863e-01 -8.64013555e-01 -8.44632436e-01 -4.86355313e-01
  -7.04568031e-01  5.54715131e-03 -7.16641045e-01]
 [-6.16321080e-01 -8.64013555e-01 -6.42366592e-02  2.03244215e-01
   5.75875579e-02  5.54715131e-03  5.26382361e-01]
 [ 1.18254220e+00  1.48394702e+00  1.18439658e+00  1.13449828e+00
  -8.49740524e-01  5.54715131e-03 -7.16641045e-01]
 [-7.12005296e-01 -8.64013555e-01 -4.28421355e-01  3.44700528e-01
   2.30776120e+00  5.54715131e-03  5.26382361e-01]
 [-3.67542116e-01  3.09966735e-01  9.18424962e-02 -5.60923600e-02
  -1.49986887e-02  5.54715131e-03  1.76940577e+00]
 [-2.52721056e-01  3.09966735e-01  4.04000807e-01  9.93041964e-01
   4.20518791e-01  5.54715131e-03  5.26382361e-01]
 [ 1.48873169e+00  1.48394702e+00  1.96479236e+00  1.65317143e+00
  -1.24896488e+00  5.54715131e-03 -7.16641045e-01]
 [ 1.48873169e+00  1.48394702e+00  1.05433062e+00  1.27006058e+00
  -1.28525800e+00  5.54715131e-03 -7.16641045e-01]
 [ 1.02944745e+00  1.48394702e+00  6.64132733e-01  1.05198209e+00
  -1.96464305e-01  5.54715131e-03 -7.16641045e-01]
 [ 1.18254220e+00  1.48394702e+00  1.18439658e+00  9.16419794e-01
  -5.59395538e-01  5.54715131e-03 -7.16641045e-01]
 [-9.22510573e-01 -8.64013555e-01 -9.48685207e-01 -1.09933267e+00
   1.07379501e+00  2.77357566e-01  1.76940577e+00]
 [-7.98121092e-01 -8.64013555e-01 -6.36526896e-01 -9.69664384e-01
  -2.69050552e-01  2.77357566e-01 -7.16641045e-01]
 [-1.10431059e+00 -8.64013555e-01 -1.20881713e+00 -1.35866925e+00
   1.11008813e+00  2.77357566e-01  5.26382361e-01]
 [-6.92868453e-01 -8.64013555e-01 -2.20315815e-01 -7.98738005e-01
  -1.49986887e-02  2.77357566e-01 -7.16641045e-01]
 [-1.04690006e+00 -8.64013555e-01 -8.96658822e-01 -1.21721293e+00
   4.56811914e-01  2.77357566e-01  1.76940577e+00]
 [ 1.05815271e+00  1.48394702e+00  1.05433062e+00  1.06377012e+00
  -1.10379239e+00  2.77357566e-01 -7.16641045e-01]
 [ 6.27573739e-01  1.48394702e+00  1.43868881e-01  1.27595459e+00
   1.25526063e+00  2.77357566e-01 -7.16641045e-01]
 [ 1.18254220e+00  1.48394702e+00  1.05433062e+00  1.37025880e+00
  -6.68274908e-01  2.77357566e-01 -7.16641045e-01]
 [ 1.02944745e+00  1.48394702e+00  6.64132733e-01  1.55297320e+00
  -2.32757428e-01  2.77357566e-01 -7.16641045e-01]
 [ 5.31889522e-01  3.09966735e-01  1.43868881e-01  6.39401181e-01
   3.11639421e-01  2.77357566e-01 -7.16641045e-01]
 [ 3.50089510e-01  3.09966735e-01  1.38029185e-02  5.27414933e-01
   4.93105037e-01  2.77357566e-01 -7.16641045e-01]
 [ 2.92678980e-01  3.09966735e-01 -1.16263044e-01  7.69069468e-01
   7.83450023e-01  2.77357566e-01 -7.16641045e-01]
 [ 5.31889522e-01  3.09966735e-01 -1.68289430e-01  6.45295194e-01
   1.25526063e+00  2.77357566e-01 -7.16641045e-01]
 [ 1.96715277e+00  1.48394702e+00  1.96479236e+00  1.46456301e+00
  -1.61189611e+00  2.77357566e-01 -7.16641045e-01]
 [ 1.48873169e+00  1.48394702e+00  1.70466044e+00  1.39972886e+00
  -1.50301674e+00  2.77357566e-01 -7.16641045e-01]
 [ 1.96715277e+00  1.48394702e+00  2.22492429e+00  1.58833728e+00
  -1.21267176e+00  2.77357566e-01 -7.16641045e-01]
 [ 1.49830011e+00  1.48394702e+00  1.15838339e+00  1.60012531e+00
  -3.77929921e-01  2.77357566e-01 -7.16641045e-01]
 [-9.32078995e-01 -8.64013555e-01 -6.88553281e-01 -1.22310695e+00
  -3.77929921e-01  2.77357566e-01  5.26382361e-01]
 [-4.15384224e-01 -8.64013555e-01 -4.28421355e-01 -2.80064856e-01
   1.66466928e-01  2.77357566e-01 -7.16641045e-01]
 [-9.32078995e-01 -8.64013555e-01 -7.66592859e-01 -8.39996096e-01
   9.64915640e-01  2.77357566e-01  1.76940577e+00]
 [-5.20636863e-01 -8.64013555e-01 -4.02408163e-01 -2.62382817e-01
   9.38806811e-02  2.77357566e-01 -7.16641045e-01]
 [-9.22510573e-01 -8.64013555e-01 -1.07875117e+00 -1.09225986e+00
   5.29398160e-01  2.77357566e-01 -7.16641045e-01]
 [-9.22510573e-01 -8.64013555e-01 -5.58487318e-01 -1.06396859e+00
   1.30173804e-01  2.77357566e-01 -7.16641045e-01]
 [-9.32078995e-01 -8.64013555e-01 -9.74698399e-01 -1.17006083e+00
   3.11639421e-01  2.77357566e-01  1.76940577e+00]
 [-9.32078995e-01 -8.64013555e-01 -6.88553281e-01 -9.28406292e-01
  -5.23102415e-01  2.77357566e-01  5.26382361e-01]
 [-4.63226333e-01  3.09966735e-01 -1.94302622e-01 -1.91654660e-01
  -3.77929921e-01  2.77357566e-01  1.76940577e+00]
 [-7.02436875e-01 -8.64013555e-01  1.43868881e-01 -4.45097222e-01
  -9.94913017e-01  2.77357566e-01  5.26382361e-01]
 [-1.09474216e+00 -1.45100370e+00  1.43868881e-01 -3.03640908e-01
  -7.40861154e-01  2.77357566e-01  1.76940577e+00]
 [-9.99057947e-01 -8.64013555e-01 -1.46894906e+00 -1.17006083e+00
   2.16258871e+00  5.49167980e-01  5.26382361e-01]
 [-9.22510573e-01 -8.64013555e-01 -1.00071159e+00 -1.38813931e+00
  -4.14223045e-01  5.49167980e-01 -7.16641045e-01]
 [-1.11387901e+00 -8.64013555e-01 -1.36489629e+00 -1.17006083e+00
   1.40043312e+00  5.49167980e-01  1.76940577e+00]
 [-1.04690006e+00 -8.64013555e-01 -8.96658822e-01 -1.06986261e+00
   1.11008813e+00  5.49167980e-01  1.76940577e+00]
 [-9.89489525e-01 -8.64013555e-01 -1.15679075e+00 -1.38813931e+00
   3.11639421e-01  5.49167980e-01  1.76940577e+00]
 [ 6.27573739e-01  1.48394702e+00  1.43868881e-01  4.56686776e-01
  -1.49986887e-02  5.49167980e-01 -7.16641045e-01]
 [ 1.18254220e+00  1.48394702e+00  9.24264659e-01  8.92843742e-01
  -8.49740524e-01  5.49167980e-01 -7.16641045e-01]
 [ 1.02944745e+00  1.48394702e+00  8.98251466e-01  6.98341311e-01
  -9.94913017e-01  5.49167980e-01 -7.16641045e-01]
 [ 3.50089510e-01  3.09966735e-01  1.38029185e-02  6.57083220e-01
   1.32784687e+00  5.49167980e-01 -7.16641045e-01]
 [ 5.34684380e-02  3.09966735e-01 -2.46329007e-01  2.09138228e-01
   9.64915640e-01  5.49167980e-01 -7.16641045e-01]
 [ 5.34684380e-02  3.09966735e-01 -5.06460933e-01 -1.48342686e-02
   9.38806811e-02  5.49167980e-01 -7.16641045e-01]
 [-5.20636863e-01 -8.64013555e-01 -4.28421355e-01 -3.03640908e-01
  -5.12918120e-02  5.49167980e-01 -7.16641045e-01]
 [ 2.92678980e-01  3.09966735e-01 -1.16263044e-01  5.33308946e-01
   6.01984407e-01  5.49167980e-01 -7.16641045e-01]
 [ 3.59657932e-01  3.09966735e-01 -3.76394970e-01  2.73972371e-01
   6.01984407e-01  5.49167980e-01 -7.16641045e-01]
 [ 3.50089510e-01  3.09966735e-01  1.38029185e-02  4.74368815e-01
   9.38806811e-02  5.49167980e-01 -7.16641045e-01]
 [ 5.34684380e-02  3.09966735e-01 -5.06460933e-01  1.08940006e-01
   4.20518791e-01  5.49167980e-01 -7.16641045e-01]
 [ 2.92678980e-01  3.09966735e-01  1.43868881e-01  7.57281442e-01
   1.14638126e+00  5.49167980e-01 -7.16641045e-01]
 [ 6.08436895e-01  3.09966735e-01  4.04000807e-01  5.09732893e-01
  -1.60171182e-01  5.49167980e-01 -7.16641045e-01]
 [ 1.05815271e+00  1.48394702e+00  1.05433062e+00  5.27414933e-01
  -8.49740524e-01  5.49167980e-01 -7.16641045e-01]
 [ 3.50089510e-01  3.09966735e-01  1.57459447e+00  5.50990985e-01
  -7.77154277e-01  5.49167980e-01 -7.16641045e-01]
 [ 1.02944745e+00  1.48394702e+00  8.98251466e-01  2.68078358e-01
  -1.57560299e+00  5.49167980e-01 -7.16641045e-01]
 [ 1.18254220e+00  1.48394702e+00  9.24264659e-01  1.29953064e+00
  -6.68274908e-01  5.49167980e-01 -7.16641045e-01]
 [-9.22510573e-01 -8.64013555e-01 -9.48685207e-01 -9.69664384e-01
   3.47932544e-01  5.49167980e-01 -7.16641045e-01]
 [-5.78047393e-01 -8.64013555e-01 -2.46329007e-01 -4.92249326e-01
  -4.86809291e-01  5.49167980e-01  1.76940577e+00]
 [-7.21573718e-01 -8.64013555e-01 -1.94302622e-01 -7.98738005e-01
  -3.05343675e-01  5.49167980e-01  1.76940577e+00]
 [-8.55531622e-01 -8.64013555e-01 -7.66592859e-01 -8.81254188e-01
  -3.77929921e-01  5.49167980e-01 -7.16641045e-01]
 [-5.78047393e-01 -8.64013555e-01 -2.46329007e-01 -5.45295444e-01
  -2.69050552e-01  5.49167980e-01  1.76940577e+00]
 [-3.67542116e-01 -8.64013555e-01  1.38029185e-02 -2.74170843e-01
   4.20518791e-01  5.49167980e-01 -7.16641045e-01]
 [-4.15384224e-01 -8.64013555e-01 -5.06460933e-01 -1.44502556e-01
   7.47156900e-01  5.49167980e-01 -7.16641045e-01]
 [-7.21573718e-01 -8.64013555e-01 -1.94302622e-01 -6.74963731e-01
  -2.32757428e-01  5.49167980e-01  1.76940577e+00]
 [-6.06752658e-01 -2.77023410e-01 -3.82234666e-02 -1.73972621e-01
   1.30173804e-01  5.49167980e-01  5.26382361e-01]
 [-3.00563164e-01  3.09966735e-01  5.34066770e-01  1.91456188e-01
  -7.04568031e-01  5.49167980e-01  5.26382361e-01]
 [-7.02436875e-01 -8.64013555e-01  2.73934844e-01 -2.15230712e-01
   5.75875579e-02  5.49167980e-01  5.26382361e-01]
 [-3.00563164e-01  3.09966735e-01  7.42172311e-01  5.09732893e-01
   9.38806811e-02  5.49167980e-01  5.26382361e-01]
 [-1.00862637e+00 -8.64013555e-01 -8.70645629e-01 -1.16416681e+00
  -2.32757428e-01  5.49167980e-01  5.26382361e-01]
 [-9.22510573e-01 -8.64013555e-01 -9.48685207e-01 -9.93240436e-01
   3.84225667e-01  5.49167980e-01  1.76940577e+00]
 [ 3.50089510e-01  3.09966735e-01  2.73934844e-01  3.15230463e-01
  -5.12918120e-02  8.20978394e-01 -7.16641045e-01]
 [ 5.34684380e-02  3.09966735e-01 -5.06460933e-01  1.46357967e-02
   9.64915640e-01  8.20978394e-01 -7.16641045e-01]
 [-5.20636863e-01 -8.64013555e-01 -4.28421355e-01 -1.03244464e-01
   6.38277530e-01  8.20978394e-01 -7.16641045e-01]
 [ 3.59657932e-01  3.09966735e-01 -3.76394970e-01  3.38806515e-01
   9.64915640e-01  8.20978394e-01 -7.16641045e-01]
 [ 2.92678980e-01  3.09966735e-01  1.43868881e-01  4.50792763e-01
   3.84225667e-01  8.20978394e-01 -7.16641045e-01]
 [ 1.05815271e+00  1.48394702e+00  6.64132733e-01  1.01661802e+00
  -5.12918120e-02  8.20978394e-01 -7.16641045e-01]
 [ 1.02944745e+00  1.48394702e+00  6.38119540e-01  8.81055716e-01
  -7.77154277e-01  8.20978394e-01 -7.16641045e-01]
 [ 1.49830011e+00  1.48394702e+00  8.72238274e-01  1.15218032e+00
  -8.49740524e-01  8.20978394e-01 -7.16641045e-01]
 [ 1.18254220e+00  1.48394702e+00  7.94198696e-01  1.00482999e+00
  -1.23878059e-01  8.20978394e-01 -7.16641045e-01]
 [ 1.48873169e+00  1.48394702e+00  1.31446255e+00  1.62959537e+00
  -2.32757428e-01  8.20978394e-01 -7.16641045e-01]
 [ 1.49830011e+00  1.48394702e+00  9.76291044e-01  1.26888178e+00
  -4.50516168e-01  8.20978394e-01 -7.16641045e-01]
 [ 6.94552691e-01  1.48394702e+00  5.34066770e-01  7.39599403e-01
  -1.96464305e-01  8.20978394e-01 -7.16641045e-01]
 [ 1.58441591e+00  1.48394702e+00  1.18439658e+00  1.13449828e+00
  -9.22326771e-01  8.20978394e-01 -7.16641045e-01]
 [-1.00862637e+00 -8.64013555e-01 -8.70645629e-01 -1.24078898e+00
  -5.59395538e-01  8.20978394e-01  5.26382361e-01]
 [-1.03733163e+00 -8.64013555e-01 -1.02672478e+00 -1.18184885e+00
  -1.23878059e-01  8.20978394e-01  1.76940577e+00]
 [-9.22510573e-01 -8.64013555e-01 -6.36526896e-01 -1.25257701e+00
  -4.14223045e-01  8.20978394e-01 -7.16641045e-01]
 [-7.02436875e-01 -8.64013555e-01 -6.36526896e-01 -3.62581039e-01
  -1.96464305e-01  8.20978394e-01 -7.16641045e-01]
 [-1.09194731e-01 -2.77023410e-01 -7.14566474e-01  6.51189207e-01
   1.65448498e+00  8.20978394e-01  5.26382361e-01]
 [ 1.48873169e+00  1.48394702e+00  5.34066770e-01  1.08734617e+00
   6.74570654e-01  8.20978394e-01 -7.16641045e-01]
 [-5.11068441e-01 -8.64013555e-01 -8.70645629e-01  2.50396319e-01
   3.36026178e+00  8.20978394e-01  5.26382361e-01]
 [ 6.27573739e-01  1.48394702e+00 -3.76394970e-01  5.21520920e-01
   2.41664057e+00  8.20978394e-01 -7.16641045e-01]
 [-8.55531622e-01 -8.64013555e-01 -8.96658822e-01 -9.16618266e-01
  -8.49740524e-01  8.20978394e-01 -7.16641045e-01]
 [-8.55531622e-01 -8.64013555e-01 -8.96658822e-01 -9.75558397e-01
  -2.32757428e-01  8.20978394e-01 -7.16641045e-01]
 [-1.04690006e+00 -8.64013555e-01 -1.02672478e+00 -1.12880274e+00
   1.32784687e+00  8.20978394e-01  1.76940577e+00]
 [-9.89489525e-01 -8.64013555e-01 -9.22672014e-01 -9.99134449e-01
  -3.05343675e-01  8.20978394e-01  5.26382361e-01]
 [-4.15384224e-01 -8.64013555e-01 -3.76394970e-01 -3.62581039e-01
   1.66466928e-01  8.20978394e-01 -7.16641045e-01]
 [-2.04878947e-01  3.09966735e-01  2.73934844e-01 -4.50991235e-01
  -1.53930987e+00  8.20978394e-01 -7.16641045e-01]
 [-2.04878947e-01  3.09966735e-01  2.73934844e-01 -3.27216961e-01
  -9.58619894e-01  8.20978394e-01 -7.16641045e-01]
 [-4.15384224e-01 -8.64013555e-01 -3.76394970e-01 -4.96964537e-01
  -8.49740524e-01  8.20978394e-01 -7.16641045e-01]
 [-9.22510573e-01 -8.64013555e-01 -7.40579666e-01 -9.82631212e-01
  -3.05343675e-01  1.09278881e+00  5.26382361e-01]
 [-1.00862637e+00 -8.64013555e-01 -1.15679075e+00 -1.19010047e+00
   1.18267438e+00  1.09278881e+00  1.76940577e+00]
 [-9.22510573e-01 -8.64013555e-01 -8.96658822e-01 -1.01092248e+00
  -1.49986887e-02  1.09278881e+00 -7.16641045e-01]
 [-1.03733163e+00 -8.64013555e-01 -1.02672478e+00 -1.12998154e+00
   3.11639421e-01  1.09278881e+00  1.76940577e+00]
 [-4.15384224e-01 -8.64013555e-01 -3.76394970e-01 -3.53150618e-01
   3.47932544e-01  1.09278881e+00 -7.16641045e-01]
 [-5.20636863e-01 -8.64013555e-01 -4.28421355e-01 -1.26820517e-01
   9.28622516e-01  1.09278881e+00 -7.16641045e-01]
 [-4.15384224e-01 -8.64013555e-01 -3.76394970e-01  2.99602307e-02
   1.65448498e+00  1.09278881e+00 -7.16641045e-01]
 [ 2.92678980e-01  3.09966735e-01 -3.76394970e-01  4.75547618e-01
   1.14638126e+00  1.09278881e+00 -7.16641045e-01]
 [-9.32078995e-01 -8.64013555e-01 -6.88553281e-01 -9.30763898e-01
   9.38806811e-02  1.09278881e+00  5.26382361e-01]
 [-5.78047393e-01 -8.64013555e-01 -3.76394970e-01 -3.14250132e-01
  -1.49986887e-02  1.09278881e+00  1.76940577e+00]
 [-7.12005296e-01 -8.64013555e-01 -7.66592859e-01 -5.13467773e-01
   7.10863777e-01  1.09278881e+00  1.76940577e+00]
 [-7.21573718e-01 -8.64013555e-01 -3.24368585e-01 -6.40778455e-01
  -1.96464305e-01  1.09278881e+00  1.76940577e+00]
 [-8.26826357e-01 -8.64013555e-01 -7.66592859e-01 -8.39996096e-01
  -1.23878059e-01  1.09278881e+00  1.76940577e+00]
 [-1.03733163e+00 -8.64013555e-01 -1.02672478e+00 -1.02271050e+00
   8.56036270e-01  1.09278881e+00  1.76940577e+00]
 [-3.67542116e-01 -8.64013555e-01  1.38029185e-02 -2.09336699e-01
  -4.14223045e-01  1.09278881e+00 -7.16641045e-01]
 [-1.04690006e+00 -8.64013555e-01 -1.02672478e+00 -1.02271050e+00
   1.32784687e+00  1.09278881e+00  1.76940577e+00]
 [-9.99057947e-01 -8.64013555e-01 -1.46894906e+00 -1.05218057e+00
   2.23517495e+00  1.09278881e+00  5.26382361e-01]
 [-9.99057947e-01 -8.64013555e-01 -1.46894906e+00 -7.57479914e-01
   2.96103742e+00  1.09278881e+00  5.26382361e-01]
 [-7.02436875e-01 -2.77023410e-01 -9.74698399e-01 -3.25163077e-02
   1.58189874e+00  1.09278881e+00  5.26382361e-01]
 [-4.63226333e-01 -8.64013555e-01 -9.74698399e-01  3.21124476e-01
   2.27146808e+00  1.09278881e+00  5.26382361e-01]
 [-9.89489525e-01 -8.64013555e-01 -9.74698399e-01 -1.32919918e+00
  -6.31981784e-01  1.09278881e+00  1.76940577e+00]
 [-9.32078995e-01 -8.64013555e-01 -9.74698399e-01 -9.81452410e-01
   8.92329393e-01  1.09278881e+00  1.76940577e+00]
 [-1.00862637e+00 -8.64013555e-01 -1.10476436e+00 -1.33509319e+00
  -8.75849353e-02  1.09278881e+00  5.26382361e-01]
 [-2.52721056e-01  3.09966735e-01  7.16159118e-01 -7.96684122e-02
  -1.50301674e+00  1.09278881e+00  1.76940577e+00]
 [-1.19042638e+00 -1.45100370e+00 -1.16263044e-01 -6.57281692e-01
  -1.10379239e+00  1.09278881e+00  1.76940577e+00]
 [-6.92868453e-01 -8.64013555e-01 -4.28421355e-01 -5.62977483e-01
  -1.60171182e-01  1.09278881e+00  5.26382361e-01]
 [-8.36394778e-01 -8.64013555e-01 -8.44632436e-01 -8.10526031e-01
   5.29398160e-01  1.09278881e+00  1.76940577e+00]
 [-5.68478971e-01 -8.64013555e-01 -5.32474126e-01 -5.74765509e-01
   5.75875579e-02  1.36459922e+00 -7.16641045e-01]
 [-4.15384224e-01 -8.64013555e-01 -5.32474126e-01 -4.03839130e-01
   3.11639421e-01  1.36459922e+00 -7.16641045e-01]
 [-3.67542116e-01 -8.64013555e-01 -3.24368585e-01 -4.21521169e-01
  -4.14223045e-01  1.36459922e+00 -7.16641045e-01]
 [-2.04878947e-01  3.09966735e-01  1.43868881e-01 -2.97746895e-01
  -1.06749926e+00  1.36459922e+00 -7.16641045e-01]
 [-5.68478971e-01 -8.64013555e-01 -5.32474126e-01 -6.98539783e-01
  -9.58619894e-01  1.36459922e+00 -7.16641045e-01]
 [-1.10431059e+00 -8.64013555e-01 -1.20881713e+00 -1.44118543e+00
   4.93105037e-01  1.36459922e+00  1.76940577e+00]
 [-1.03733163e+00 -8.64013555e-01 -1.05273798e+00 -1.29972911e+00
   3.11639421e-01  1.36459922e+00 -7.16641045e-01]
 [-1.08517374e+00 -8.64013555e-01 -1.15679075e+00 -1.43529142e+00
   2.02760051e-01  1.36459922e+00  1.76940577e+00]
 [-9.32078995e-01 -8.64013555e-01 -9.74698399e-01 -1.07575662e+00
   8.19743147e-01  1.36459922e+00  1.76940577e+00]
 [-1.04690006e+00 -8.64013555e-01 -1.02672478e+00 -1.18184885e+00
   1.40043312e+00  1.36459922e+00  1.76940577e+00]
 [-1.00862637e+00 -8.64013555e-01 -1.10476436e+00 -1.09343866e+00
   6.38277530e-01  1.36459922e+00  1.76940577e+00]
 [-9.89489525e-01 -8.64013555e-01 -9.48685207e-01 -1.17006083e+00
   1.66466928e-01  1.36459922e+00  1.76940577e+00]
 [-8.55531622e-01 -8.64013555e-01 -1.07875117e+00 -8.98936227e-01
  -2.32757428e-01  1.36459922e+00 -7.16641045e-01]
 [-9.22510573e-01 -8.64013555e-01 -1.02672478e+00 -1.09933267e+00
   2.39053174e-01  1.36459922e+00 -7.16641045e-01]
 [-9.22510573e-01 -8.64013555e-01 -1.02672478e+00 -7.04433796e-01
   1.87224372e+00  1.36459922e+00 -7.16641045e-01]
 [-8.55531622e-01 -8.64013555e-01 -7.92606051e-01 -9.28406292e-01
  -4.86809291e-01  1.36459922e+00  5.26382361e-01]
 [-8.36394778e-01 -8.64013555e-01 -7.66592859e-01 -9.04830240e-01
  -4.14223045e-01  1.36459922e+00  1.76940577e+00]
 [-8.26826357e-01 -8.64013555e-01 -7.66592859e-01 -7.39797875e-01
   4.56811914e-01  1.36459922e+00  1.76940577e+00]
 [-7.21573718e-01 -8.64013555e-01 -1.16263044e-01 -4.27415183e-01
  -2.69050552e-01  1.36459922e+00  1.76940577e+00]
 [-7.12005296e-01 -8.64013555e-01 -7.92606051e-01 -4.03839130e-01
   1.00120876e+00  1.36459922e+00  1.76940577e+00]
 [-5.11068441e-01 -8.64013555e-01 -6.36526896e-01  2.97548423e-01
   1.76336435e+00  1.36459922e+00  5.26382361e-01]
 [-4.72794754e-01  3.09966735e-01 -7.40579666e-01  2.15032241e-01
   1.47301937e+00  1.36459922e+00  5.26382361e-01]
 [-2.52721056e-01  3.09966735e-01  2.99948037e-01 -9.14564383e-02
  -1.06749926e+00  1.36459922e+00  1.76940577e+00]
 [-4.63226333e-01  3.09966735e-01  4.04000807e-01 -5.60923600e-02
  -6.31981784e-01  1.36459922e+00  1.76940577e+00]
 [ 3.50089510e-01  3.09966735e-01  1.43868881e-01  5.15626906e-01
   9.38806811e-02  1.36459922e+00 -7.16641045e-01]
 [ 1.48873169e+00  1.48394702e+00  1.38029185e-02  8.81055716e-01
   1.25526063e+00  1.36459922e+00 -7.16641045e-01]
 [ 5.34684380e-02  3.09966735e-01 -4.28421355e-01  9.71519795e-02
   5.65691284e-01  1.36459922e+00 -7.16641045e-01]
 [ 2.92678980e-01  3.09966735e-01 -5.06460933e-01  5.74567037e-01
   3.84225667e-01  1.36459922e+00 -7.16641045e-01]
 [-7.88552670e-01 -8.64013555e-01 -4.28421355e-01 -4.39203209e-01
   1.47301937e+00  1.63640964e+00 -7.16641045e-01]
 [-7.88552670e-01 -8.64013555e-01 -4.28421355e-01 -3.97945117e-01
   1.11008813e+00  1.63640964e+00 -7.16641045e-01]
 [-7.88552670e-01 -8.64013555e-01 -4.28421355e-01 -6.86751757e-01
   8.92329393e-01  1.63640964e+00 -7.16641045e-01]
 [-7.88552670e-01 -8.64013555e-01 -5.06460933e-01 -4.74567287e-01
   2.39053174e-01  1.63640964e+00 -7.16641045e-01]
 [-5.68478971e-01 -8.64013555e-01 -5.32474126e-01 -5.33507418e-01
   1.66466928e-01  1.63640964e+00 -7.16641045e-01]
 [-4.15384224e-01 -8.64013555e-01 -3.76394970e-01 -2.85958869e-01
   8.92329393e-01  1.63640964e+00 -7.16641045e-01]
 [-5.20636863e-01 -8.64013555e-01 -3.24368585e-01 -1.32714530e-01
   3.11639421e-01  1.63640964e+00 -7.16641045e-01]
 [-8.55531622e-01 -8.64013555e-01 -7.92606051e-01 -1.17595484e+00
  -8.75849353e-02  1.63640964e+00  5.26382361e-01]
 [-9.89489525e-01 -8.64013555e-01 -9.48685207e-01 -1.12290872e+00
   9.64915640e-01  1.63640964e+00  1.76940577e+00]
 [-9.89489525e-01 -8.64013555e-01 -9.48685207e-01 -1.18774287e+00
   7.47156900e-01  1.63640964e+00  1.76940577e+00]
 [-8.55531622e-01 -8.64013555e-01 -1.07875117e+00 -1.00502846e+00
  -3.05343675e-01  1.63640964e+00 -7.16641045e-01]
 [-9.22510573e-01 -8.64013555e-01 -8.96658822e-01 -1.00502846e+00
   6.38277530e-01  1.63640964e+00 -7.16641045e-01]
 [-7.12005296e-01 -8.64013555e-01 -4.28421355e-01 -9.63770371e-01
  -3.77929921e-01  1.63640964e+00  1.76940577e+00]
 [-8.36394778e-01 -8.64013555e-01 -7.66592859e-01 -9.10724253e-01
  -3.77929921e-01  1.63640964e+00  1.76940577e+00]
 [-8.26826357e-01 -8.64013555e-01 -8.96658822e-01 -8.63572149e-01
   4.93105037e-01  1.63640964e+00  1.76940577e+00]
 [-9.89489525e-01 -8.64013555e-01 -9.74698399e-01 -1.19363688e+00
  -1.96464305e-01  1.63640964e+00  1.76940577e+00]
 [-9.89489525e-01 -8.64013555e-01 -9.74698399e-01 -1.19363688e+00
   5.75875579e-02  1.63640964e+00  1.76940577e+00]
 [-9.89489525e-01 -8.64013555e-01 -9.74698399e-01 -1.15827280e+00
   2.39053174e-01  1.63640964e+00  1.76940577e+00]
 [-1.28331574e-01  3.09966735e-01  1.43868881e-01 -3.84103208e-02
   3.11639421e-01  1.63640964e+00 -7.16641045e-01]
 [ 6.46710582e-01  3.09966735e-01 -5.06460933e-01  4.41058620e-02
   5.29398160e-01  1.63640964e+00 -7.16641045e-01]
 [-3.67542116e-01 -8.64013555e-01 -3.24368585e-01 -4.62779261e-01
  -3.77929921e-01  1.63640964e+00 -7.16641045e-01]
 [ 3.59657932e-01  3.09966735e-01  1.95895267e-01 -1.68078608e-01
  -3.05343675e-01  1.63640964e+00 -7.16641045e-01]
 [-4.82363176e-01 -8.64013555e-01 -2.20315815e-01 -3.68475052e-01
  -5.95688661e-01  1.63640964e+00  1.76940577e+00]
 [-5.68478971e-01 -8.64013555e-01 -5.32474126e-01 -7.16221822e-01
  -9.22326771e-01  1.63640964e+00 -7.16641045e-01]
 [-4.15384224e-01 -8.64013555e-01 -3.76394970e-01 -3.25163077e-02
   6.38277530e-01  1.63640964e+00 -7.16641045e-01]
 [-5.20636863e-01 -8.64013555e-01 -4.80447740e-01 -2.21124726e-01
   2.12944346e-02  1.63640964e+00 -7.16641045e-01]
 [-9.32078995e-01 -8.64013555e-01 -1.36489629e+00 -9.99134449e-01
   3.28767553e+00  1.63640964e+00  5.26382361e-01]
 [-5.68478971e-01 -8.64013555e-01 -5.32474126e-01 -8.04632018e-01
  -1.43043050e+00  1.63640964e+00 -7.16641045e-01]
 [-7.12005296e-01 -8.64013555e-01 -6.62540088e-01 -4.15627156e-01
   1.11008813e+00  1.63640964e+00 -7.16641045e-01]
 [-7.21573718e-01 -8.64013555e-01 -5.84500511e-01 -3.03640908e-01
   1.40043312e+00  1.63640964e+00 -7.16641045e-01]]



[[-0.69863841]
 [-1.08349824]
 [-0.69863841]
 [-0.95521163]
 [-0.82692502]
 [-1.08349824]
 [-1.21178485]
 [-1.21178485]
 [-1.21178485]
 [-1.08349824]
 [-1.08349824]
 [-1.21178485]
 [-1.08349824]
 [-1.21178485]
 [ 0.07108125]
 [-0.18549197]
 [-0.69863841]
 [-0.31377858]
 [ 0.45594109]
 [ 0.32765448]
 [ 0.19936787]
 [ 0.07108125]
 [ 0.19936787]
 [ 0.32765448]
 [-0.31377858]
 [-1.72493129]
 [-1.72493129]
 [-1.59664468]
 [-1.8532179 ]
 [ 0.45594109]
 [ 0.5842277 ]
 [ 0.19936787]
 [-0.5703518 ]
 [-0.95521163]
 [-0.82692502]
 [-0.5703518 ]
 [-0.69863841]
 [-1.21178485]
 [-1.21178485]
 [-1.21178485]
 [-1.21178485]
 [-1.46835807]
 [-1.34007146]
 [-1.34007146]
 [-0.69863841]
 [-0.18549197]
 [-0.5703518 ]
 [-0.69863841]
 [-0.05720536]
 [ 0.5842277 ]
 [ 0.84080092]
 [ 0.84080092]
 [ 0.96908753]
 [ 1.48223397]
 [ 0.45594109]
 [ 0.32765448]
 [ 0.07108125]
 [ 0.19936787]
 [-0.05720536]
 [-0.44206519]
 [-0.31377858]
 [-1.34007146]
 [-1.21178485]
 [-1.08349824]
 [-1.21178485]
 [-0.82692502]
 [-1.59664468]
 [-1.34007146]
 [-1.46835807]
 [-1.34007146]
 [-0.5703518 ]
 [-1.08349824]
 [-1.34007146]
 [-1.34007146]
 [-1.21178485]
 [-0.69863841]
 [-0.18549197]
 [-0.31377858]
 [ 0.32765448]
 [-0.18549197]
 [ 0.5842277 ]
 [-0.05720536]
 [ 0.5842277 ]
 [ 0.45594109]
 [-1.34007146]
 [-1.21178485]
 [-1.34007146]
 [-1.21178485]
 [-1.08349824]
 [-1.46835807]
 [-1.34007146]
 [-1.34007146]
 [-1.21178485]
 [-1.34007146]
 [-1.46835807]
 [-1.34007146]
 [-0.69863841]
 [-0.95521163]
 [-0.69863841]
 [-0.69863841]
 [-0.05720536]
 [ 0.32765448]
 [-1.59664468]
 [-1.46835807]
 [-1.34007146]
 [-1.46835807]
 [-0.69863841]
 [-0.44206519]
 [-0.31377858]
 [-0.18549197]
 [-0.69863841]
 [-0.5703518 ]
 [-0.31377858]
 [ 0.32765448]
 [-1.08349824]
 [-0.95521163]
 [ 0.71251431]
 [ 0.07108125]
 [-0.44206519]
 [-0.5703518 ]
 [-1.08349824]
 [ 0.07108125]
 [-0.44206519]
 [-1.59664468]
 [-0.44206519]
 [-0.5703518 ]
 [-1.08349824]
 [ 0.96908753]
 [ 0.32765448]
 [ 1.09737414]
 [ 0.19936787]
 [-0.95521163]
 [-0.95521163]
 [-0.69863841]
 [-0.95521163]
 [-1.34007146]
 [-1.21178485]
 [-1.21178485]
 [-1.21178485]
 [ 0.71251431]
 [ 0.32765448]
 [ 0.32765448]
 [ 0.96908753]
 [ 1.09737414]
 [ 0.5842277 ]
 [ 0.07108125]
 [ 0.32765448]
 [ 0.07108125]
 [ 0.32765448]
 [ 0.96908753]
 [-0.5703518 ]
 [-0.69863841]
 [-1.08349824]
 [-1.08349824]
 [-0.95521163]
 [-1.08349824]
 [-0.95521163]
 [-1.21178485]
 [-0.82692502]
 [-0.95521163]
 [-1.08349824]
 [-0.69863841]
 [-0.31377858]
 [-0.44206519]
 [-1.34007146]
 [ 0.71251431]
 [-0.05720536]
 [-0.44206519]
 [-0.05720536]
 [ 0.07108125]
 [ 0.19936787]
 [ 0.07108125]
 [-0.69863841]
 [ 0.71251431]
 [-0.5703518 ]
 [-0.05720536]
 [-0.05720536]
 [-0.18549197]
 [ 0.19936787]
 [ 1.22566075]
 [ 0.5842277 ]
 [ 0.19936787]
 [ 0.19936787]
 [ 0.32765448]
 [ 0.45594109]
 [-0.76278171]
 [-0.95521163]
 [-1.01935494]
 [-1.14764155]
 [-0.18549197]
 [-0.18549197]
 [ 0.07108125]
 [-0.12134866]
 [ 0.71251431]
 [ 0.13522456]
 [ 0.71251431]
 [ 1.22566075]
 [-0.44206519]
 [-0.69863841]
 [-0.6344951 ]
 [-0.76278171]
 [ 0.77665761]
 [ 1.09737414]
 [ 0.5842277 ]
 [ 0.39179778]
 [-0.44206519]
 [-1.34007146]
 [-0.5703518 ]
 [-0.5703518 ]
 [-0.89106832]
 [-0.89106832]
 [-1.34007146]
 [-1.34007146]
 [-1.34007146]
 [ 1.03323083]
 [ 0.84080092]
 [ 1.61052058]
 [ 0.26351117]
 [ 1.28980405]
 [-0.76278171]
 [-0.82692502]
 [-1.01935494]
 [-1.08349824]
 [-0.76278171]
 [-0.37792188]
 [-0.5703518 ]
 [-0.6344951 ]
 [-0.95521163]
 [-1.01935494]
 [-1.01935494]
 [-0.95521163]
 [ 0.71251431]
 [ 0.13522456]
 [ 0.32765448]
 [ 0.26351117]
 [ 0.90494422]
 [ 1.28980405]
 [ 0.84080092]
 [ 0.90494422]
 [-0.18549197]
 [-0.24963527]
 [-0.24963527]
 [ 2.52135552]
 [ 1.62334924]
 [ 1.20000343]
 [ 2.04669506]
 [ 1.62334924]
 [-0.45489385]
 [-0.51903715]
 [-0.41640787]
 [-0.54469448]
 [-0.37792188]
 [-0.41640787]
 [ 0.21219653]
 [-0.37792188]
 [-0.51903715]
 [-0.36509322]
 [-0.3394359 ]
 [-0.62166644]
 [-0.68580975]
 [-0.54469448]
 [-0.73712439]
 [-0.68580975]
 [-0.76278171]
 [ 0.84080092]
 [ 0.52008439]
 [ 0.48159841]
 [ 0.95625887]
 [-0.30094992]
 [-0.03154803]
 [ 0.04542393]
 [ 0.05825259]
 [-0.4035792 ]
 [-0.82692502]
 [-0.23680661]
 [-0.92955431]
 [ 1.03323083]
 [ 0.77665761]
 [-0.24963527]
 [-0.46772251]
 [-0.14700598]
 [-0.41640787]
 [-0.36509322]
 [-0.82692502]
 [-0.74995305]
 [-0.89106832]
 [-0.67298109]
 [-0.83975368]
 [-1.01935494]
 [-0.54469448]
 [-0.6344951 ]
 [ 1.08454548]
 [ 1.36677602]
 [ 1.5720346 ]
 [ 0.50725573]
 [ 0.25068251]
 [-0.05720536]
 [ 0.48159841]
 [ 0.05825259]
 [ 1.37960468]
 [ 1.41809067]
 [ 1.07171682]
 [ 1.77729317]
 [ 0.63554234]
 [ 0.68685699]
 [ 0.43028376]
 [ 1.28980405]
 [ 2.31609694]
 [ 1.87992246]
 [ 1.1102028 ]
 [ 1.76446451]
 [ 0.5842277 ]
 [ 0.37896912]
 [ 0.10956724]
 [-0.55752314]
 [ 1.39243334]
 [ 0.8151436 ]
 [ 1.00757351]
 [ 1.73880719]
 [ 1.12303146]
 [ 2.97035865]
 [ 0.57139904]
 [ 2.22629631]
 [ 2.67529945]
 [ 2.5598415 ]
 [ 1.66183523]
 [ 0.84080092]
 [ 2.71378543]
 [ 1.32829004]
 [ 0.8151436 ]
 [ 1.18717477]
 [ 0.03259527]
 [ 1.48223397]
 [ 1.14868878]
 [ 0.48159841]
 [ 0.40462644]
 [ 0.30199715]
 [ 0.00693795]
 [ 0.84080092]
 [ 2.00820907]
 [ 1.99538041]
 [ 1.49506263]
 [ 1.13586012]
 [ 1.73880719]
 [ 1.82860782]
 [ 1.36677602]
 [ 1.44374799]
 [ 1.405262  ]
 [ 0.82797226]
 [ 1.22566075]
 [ 1.31546138]
 [ 1.14868878]
 [ 1.21283209]
 [ 1.04605949]
 [ 0.59705636]
 [ 0.93060155]
 [ 0.25068251]
 [ 0.09673858]
 [-0.13417732]
 [ 0.40462644]
 [-0.41640787]
 [-0.74995305]
 [ 0.5842277 ]
 [ 0.45594109]
 [ 1.35394736]
 [ 0.96908753]
 [ 0.71251431]
 [ 0.45594109]
 [ 0.07108125]
 [ 1.61052058]
 [ 1.73880719]
 [ 0.96908753]
 [ 1.8670938 ]
 [ 1.61052058]
 [ 1.61052058]
 [ 1.61052058]
 [ 1.35394736]
 [ 1.8670938 ]
 [ 1.09737414]
 [ 1.8670938 ]
 [ 0.19936787]
 [ 1.8670938 ]
 [ 0.32765448]
 [-0.18549197]
 [ 1.09737414]
 [ 1.61052058]
 [ 0.45594109]
 [ 0.45594109]
 [ 2.63681347]
 [ 1.09737414]
 [ 0.5842277 ]
 [ 0.96908753]]
